-2.861653570753532883e+00 2.299549439754855484e-14 4.887756865912251669e-14 -6.158962229108055908e-14 2.406408405875026801e-14 -2.012279232133096230e-14 1.332267629550187849e-14 -1.086283840656676603e-14 -9.079542673262608332e-15 -3.283484595328900468e-14 5.532569844965418149e-14 4.159620239398142960e-14 5.716163219843251042e-14 -2.359041061385474918e-13 3.276018587527960968e-14 2.121191353523400880e-01 8.093421561825939192e-02 4.191527769121740354e-02 3.373523380283018069e-02 1.781746069955892145e-02 1.106681572260903926e-02 2.466546236459596711e-03 2.102278507394165705e-03 -4.547799884101707581e-04 6.222253528399278614e-04 -3.857897353606515919e-04 2.855929563506642279e-04 -1.945090243556101299e-04 -1.302312330954992221e-04 3.057746108723454759e-01 1.413096009784314822e-01 7.247598586042081070e-02 5.018843313398756861e-02 1.822197304958558806e-02 1.128651733915683394e-02 5.683577923654540046e-05 2.544996849644621043e-03 -1.268283127242246511e-03 1.057729567947806714e-03 -7.193025900900445416e-04 5.029594976175555399e-04 3.346688090818189997e-04 4.403376784987115267e-01 2.039711881977216423e-01 8.277910708000695006e-02 4.848565870729457106e-02 8.650594362639287688e-03 9.421307123054072433e-03 -2.819961181501746093e-03 3.214236296704118395e-03 -2.101585840907083981e-03 1.542142077515115239e-03 -1.058590658535823840e-03 -7.094867146015288329e-04 6.102395658839685488e-01 2.488400207181176715e-01 6.576954561262635113e-02 3.814021446750427702e-02 -2.210100677628046122e-03 9.327918185570435033e-03 -5.321639703319941753e-03 4.282415297712099250e-03 -2.978688179097197311e-03 2.085587610216687367e-03 1.394115489085533816e-03 7.965849848713373316e-01 2.623739182847569795e-01 3.207753756971831738e-02 3.057329755420805373e-02 -1.060996087295765222e-02 1.097522248630420152e-02 -7.511421807384996430e-03 5.508714421011844803e-03 -3.820468816140849388e-03 -2.569684780768523649e-03 9.853560187352853328e-01 2.453644867466421853e-01 -1.480822095543668157e-03 2.846876400801712920e-02 -1.616911610721535539e-02 1.295422012871082218e-02 -9.153288972809793533e-03 6.451181873835438313e-03 4.339548238994976950e-03 1.164047310817180048e+00 2.068417347139021589e-01 -2.373518748789432697e-02 2.811582305033559145e-02 -1.862026013339050656e-02 1.376408172142516012e-02 -9.632601060539577875e-03 -6.525706046861478281e-03 1.319540183555445667e+00 1.590908692052405704e-01 -3.238462643561823562e-02 2.621289466270391305e-02 -1.800813801692409052e-02 1.279327220302991716e-02 8.670712962050398237e-03 1.443239323528483720e+00 1.128832000788770884e-01 -3.098934048978846043e-02 2.196701730939216307e-02 -1.507478935251339511e-02 -1.027803955660425324e-02 1.533564618551904291e+00 7.473204431320948360e-02 -2.476761923189556985e-02 1.658836471331856521e-02 1.108550729263368256e-02 1.595168024913335980e+00 4.643447231984287882e-02 -1.745907196754613658e-02 -1.119561556966774431e-02 1.634760969776087647e+00 2.703034678816450265e-02 1.106015655584513535e-02 1.659437258152111738e+00 -1.423467192197450971e-02 1.674513408667748893e+00
2.299549439754855484e-14 -2.279191298218081307e+00 -1.306764384950709901e-01 -4.071941708040148489e-02 -2.332869585780497287e-02 -2.804160686731334978e-03 -4.496923864936561502e-03 2.121428769492257095e-03 -1.984538585983266785e-03 1.482336224404552129e-03 -1.105323075465477903e-03 7.971866869648945499e-04 -5.630264774236813175e-04 3.887216626236066129e-04 2.593201331021269263e-04 7.176429309142065560e-02 -3.019294842163598031e-03 -4.072060391970362160e-03 -3.835876837999147720e-03 -2.643975450048119662e-03 -1.318108603540961692e-03 -5.041749818235961942e-04 -1.722134806418137835e-04 -2.165649194617670409e-05 -2.667511462901470641e-05 1.222227389555012135e-05 -1.118183988520429585e-05 7.671144584212420689e-06 5.308873464944498054e-06 -6.466157619506085474e-03 -9.323137404800986572e-03 -9.215166128895731223e-03 -6.081527077971401671e-03 -3.033049583030539981e-03 -1.166115189640761765e-03 -3.029191922890265166e-04 -1.404343055103802497e-04 2.690040045511218913e-05 -4.304937241855066329e-05 2.842926303460549157e-05 -2.128699758775518948e-05 -1.439961655290306933e-05 -1.597712543332303198e-02 -1.803336838949016335e-02 -1.226600470841486892e-02 -5.644753426454648254e-03 -1.995665076971906912e-03 -7.229943765724746157e-04 -2.497135102740657308e-05 -1.524516365106595088e-04 8.787092930390933494e-05 -7.352458934604806065e-05 5.141858700366804609e-05 3.535166894827729939e-05 -3.030534859396642050e-02 -2.603543005880092076e-02 -1.094329305102237013e-02 -4.008440229355746467e-03 -6.176182760350944212e-04 -6.322361595669728036e-04 2.735457644713542051e-04 -2.701539288696864897e-04 1.898676305477604116e-04 -1.373679356373180848e-04 -9.294269764559958010e-05 -4.858052112042131332e-02 -3.043451154944026155e-02 -6.366359218046666046e-03 -3.014554469587328242e-03 6.188799730186615418e-04 -9.236660168909325164e-04 6.262033638244099247e-04 -4.770736151357214986e-04 3.345743769323430029e-04 2.271995497675340461e-04 -6.946784367180555697e-02 -3.031536858075476598e-02 -1.271580465716802598e-03 -3.008776021558272860e-03 1.599068480116061855e-03 -1.349547384275273047e-03 9.611557090194789744e-04 -6.846576749638292681e-04 -4.628298294988229247e-04 -9.092752854278937646e-02 -2.656466408779065841e-02 2.333923185426311359e-03 -3.280509299859736029e-03 2.161594695421436337e-03 -1.619140896283780950e-03 1.138694681857167074e-03 7.744159775456259127e-04 -1.106024501869671273e-01 -2.091507061986789748e-02 3.934100622215775701e-03 -3.270360232793079885e-03 2.249620498651067405e-03 -1.605549154285108729e-03 -1.090768066276041719e-03 -1.267413985845843305e-01 -1.505190426248872657e-02 3.991756447064544189e-03 -2.844352887053894392e-03 1.954535875392954605e-03 1.335283805825126938e-03 -1.387448506735776688e-01 -1.005098660976993727e-02 3.272295875481995645e-03 -2.193395640352245515e-03 -1.466867161092344713e-03 -1.470190503368988544e-01 -6.278388933806985928e-03 2.336542928443032137e-03 1.498033589772659272e-03 -1.523719625164779989e-01 -3.666959804352772773e-03 -1.491144286502094421e-03 -1.557215724814748348e-01 1.934813889418637552e-03 -1.577735296907385176e-01
4.887756865912251669e-14 -1.306764384950709901e-01 -2.151772378143412823e+00 -1.933361200841897387e-01 -5.104246143835564770e-02 -2.905143039240892788e-02 2.289256798609463212e-03 -7.011411276815190941e-03 4.726624012093482916e-03 -3.791165643804825409e-03 2.811210971728371130e-03 -2.037784685712378321e-03 1.441986542719535030e-03 -9.969360044265347925e-04 -6.655974274420335679e-04 -2.272353515997229279e-03 6.832896948531329284e-02 -7.535756724741957645e-03 -7.936223331412299575e-03 -5.722491125583300392e-03 -2.894842783793294492e-03 -1.118811295879210826e-03 -3.674659774466368465e-04 -5.808070827476374885e-05 -5.032367730674786347e-05 2.082266230033666908e-05 -2.031931893132908983e-05 1.394399923711811654e-05 9.734607980681736671e-06 1.300308718048971135e-01 -1.677993496586610567e-02 -1.862455795438022754e-02 -1.314899767052226005e-02 -6.702271558069057208e-03 -2.520314105763804893e-03 -7.076205798990933219e-04 -2.771136172736614941e-04 3.611217425775865663e-05 -7.811337453616708389e-05 5.091094849601959912e-05 -3.881720562715248980e-05 -2.634238998933424215e-05 -2.804738196734071765e-02 -3.455376265504490896e-02 -2.636163137768689907e-02 -1.225822156190965739e-02 -4.541192627194007986e-03 -1.460594885246503227e-03 -1.591149693259770643e-04 -2.571206427152637189e-04 1.374532561706886657e-04 -1.226845931125773823e-04 8.640121384058380540e-05 6.006186025009544160e-05 -5.510834795622072957e-02 -5.224250486048782893e-02 -2.461782925014930137e-02 -8.328087397784476875e-03 -1.744750846175703281e-03 -1.108406466886960231e-03 4.009092158348390080e-04 -4.529905184307134094e-04 3.196645833898565455e-04 -2.352216518692582014e-04 -1.600718792018539184e-04 -9.102881518388399040e-02 -6.295104904146925362e-02 -1.503710790786801782e-02 -5.984771846930714637e-03 8.965888374935268145e-04 -1.698618481423829450e-03 1.143167474506987360e-03 -8.865908529370851443e-04 6.248021287754589774e-04 4.261276066271449956e-04 -1.334761051254020892e-01 -6.404169758206436358e-02 -3.773742261350920141e-03 -6.006560199176537440e-03 3.097327749509166950e-03 -2.676648880926607056e-03 1.912697145683466687e-03 -1.368529600727308232e-03 -9.269665947233040118e-04 -1.783624811553874978e-01 -5.686136510322446769e-02 4.456148422848324117e-03 -6.785433006218555621e-03 4.460300549214998508e-03 -3.357821464178250073e-03 2.365688808905804658e-03 1.611256050457304930e-03 -2.202202560531085207e-01 -4.514663961215214377e-02 8.239342435464799830e-03 -6.924918551618442289e-03 4.766532923345190645e-03 -3.408153959829159432e-03 -2.317551852122986047e-03 -2.549633595693190369e-01 -3.265597499435365231e-02 8.552402990828163187e-03 -6.106847542667718370e-03 4.198214629975409971e-03 2.870113861595376299e-03 -2.809650564867495759e-01 -2.187528751115840747e-02 7.075357612907503396e-03 -4.744368809342642060e-03 -3.173919580104775720e-03 -2.989653779776150211e-01 -1.369115955014188479e-02 5.076688920773563506e-03 3.254624731029825014e-03 -3.106362372228300139e-01 -8.006081914624768245e-03 -3.248141523662965817e-03 -3.179513296010216816e-01 4.227687786442944559e-03 -3.224371906403908361e-01
-6.158962229108055908e-14 -4.071941708040148489e-02 -1.933361200841897387e-01 -1.722899125273573251e+00 -2.611901809901575611e-01 -4.748819127423600100e-02 -3.100396016623185869e-02 9.327582894906850941e-03 -1.046026188059804261e-02 7.770114703344829267e-03 -5.894858136056481401e-03 4.288923483169559091e-03 -3.047373967753498353e-03 2.111757358330720261e-03 1.411933057551691259e-03 -2.577941550359068041e-03 -5.508107500284064109e-03 6.434418352157782184e-02 -1.137047320284342855e-02 -9.384479387276800297e-03 -4.891475861943826373e-03 -1.967058288155841897e-03 -5.878837491917305539e-04 -1.317706134491000779e-04 -6.146768315521481112e-05 1.800686733702328485e-05 -2.226742770962856035e-05 1.523789315144360182e-05 1.090272239943188798e-05 -1.189336191506282399e-02 1.213240651135058801e-01 -2.547301538319984848e-02 -2.146291205440081090e-02 -1.134705560850008017e-02 -4.324314175063069185e-03 -1.252458881454077176e-03 -4.256855580404622836e-04 2.098786456529983901e-05 -1.020932910106327868e-04 6.450567652944777172e-05 -5.070417250816458066e-05 -3.458787142381377743e-05 1.495951409748246252e-01 -4.396821014520689574e-02 -4.107070321713345712e-02 -2.082816452854197725e-02 -7.994762484939410552e-03 -2.287565328148487634e-03 -4.538984575727514955e-04 -2.984423598833454549e-04 1.323626003773262683e-04 -1.367395156840120463e-04 9.725433515240467712e-05 6.899423030579136188e-05 -6.522376333293103401e-02 -7.228922715200435112e-02 -4.253789126772132556e-02 -1.332227453813262553e-02 -3.852443406322234205e-03 -1.212650604053990867e-03 1.777593490318904565e-04 -4.089608823124310575e-04 2.905437864955845743e-04 -2.264971044413796543e-04 -1.570418636718507962e-04 -1.124356165313861733e-01 -9.323153570860742700e-02 -2.889046919243681844e-02 -8.207538735681975742e-03 4.806888989151196842e-05 -1.839220743670698941e-03 1.205006436407605802e-03 -9.937921883661532570e-04 7.111023714131447290e-04 4.915559175410924402e-04 -1.728406305658219400e-01 -9.940028480983692516e-02 -9.888899604275306482e-03 -8.157969817538461565e-03 3.825480339159630962e-03 -3.543265890979370013e-03 2.552729432720942521e-03 -1.849011141307303763e-03 -1.259320204793544723e-03 -2.406771425826740030e-01 -9.109783846027780241e-02 5.022710461695268497e-03 -9.963231729848719131e-03 6.510280692153773766e-03 -4.971353439584460382e-03 3.519879872594826320e-03 2.406748611385661936e-03 -3.068120897093037369e-01 -7.378094327164513855e-02 1.248143901391782738e-02 -1.080501213084492790e-02 7.446142160335355448e-03 -5.347503689399978055e-03 -3.644414053998492643e-03 -3.631501667076849627e-01 -5.403679565292759251e-02 1.371409914711768305e-02 -9.847247475396562338e-03 6.778944055919002357e-03 4.643276865708449372e-03 -4.060315364662447912e-01 -3.647502464862822230e-02 1.161448735458531743e-02 -7.795282092068065577e-03 -5.218440011081889283e-03 -4.359967439062482075e-01 -2.293701278911063762e-02 8.429146389331194228e-03 5.403564286036629735e-03 -4.555453893333608617e-01 -1.345278141646203546e-02 -5.429120961889761371e-03 -4.678412802803620929e-01 7.115489499762744224e-03 -4.753994216866308520e-01
2.406408405875026801e-14 -2.332869585780497287e-02 -5.104246143835564770e-02 -2.611901809901575611e-01 -6.392874704174680289e-01 -3.294536841033353092e-01 -2.940245309793532158e-02 -3.404108756989820961e-02 1.744667558775395144e-02 -1.514375367379725869e-02 1.133418749177315422e-02 -8.335253106486717814e-03 5.949145249613856795e-03 -4.136329141646364130e-03 -2.771123677930910963e-03 -2.736891786886469155e-03 -5.768842632400702705e-03 -8.896930056887145111e-03 6.136107580715699505e-02 -1.253628484896763054e-02 -7.682596971045235409e-03 -3.075027787156683727e-03 -9.208169844225615620e-04 -2.289590739401519760e-04 -7.226780859212193395e-05 9.149234567838111288e-06 -2.065569926700952516e-05 1.390100108278739154e-05 1.037773622398772128e-05 -1.215499490427236241e-02 -1.885776689890676650e-02 1.152520441226762560e-01 -2.797605579504532092e-02 -1.772253156305016869e-02 -6.661347515630850272e-03 -2.151124847462593942e-03 -5.214320505171616930e-04 -7.829821023828579347e-05 -7.677186295805532969e-05 4.181854712332081571e-05 -3.816077375595764906e-05 -2.654958204855675813e-05 -2.999148780901151126e-02 1.398405205634603299e-01 -4.882371784009925664e-02 -3.270883666878172946e-02 -1.226952199055527867e-02 -3.729754923395342883e-03 -7.264570249250071679e-04 -4.103994439268750629e-04 1.520468667736590059e-04 -1.693214869166280575e-04 1.196827527193827247e-04 8.568395561936854822e-05 1.137424329031787723e-01 -7.547865291654332065e-02 -6.127093136349211211e-02 -2.102227146929876167e-02 -6.705727700980060324e-03 -1.262814507970984627e-03 -2.487411321458182366e-04 -2.372469828798053071e-04 1.638495435957459815e-04 -1.509922157912480640e-04 -1.091985415238558613e-04 -1.035419477317316983e-01 -1.086326263571379680e-01 -4.986861506046208481e-02 -9.731772717973135450e-03 -2.514625467724989315e-03 -9.212819518222694704e-04 4.675777550415874113e-04 -5.520255641520020653e-04 4.213196481762649629e-04 3.085716329006262188e-04 -1.677742618588827783e-01 -1.269995879858262788e-01 -2.386472387963624320e-02 -7.706052741842089188e-03 2.411136462393360502e-03 -3.016266065551812762e-03 2.230458944405819439e-03 -1.682215761976089139e-03 -1.165280132116622205e-03 -2.496556501654584870e-01 -1.241187799387554469e-01 6.100901030532461479e-04 -1.110608867112120035e-02 7.107509805873298350e-03 -5.639982125312751476e-03 4.043269230843165273e-03 2.792762944672836332e-03 -3.367536853273918607e-01 -1.049089091501540644e-01 1.468349705672097709e-02 -1.381935295336407174e-02 9.557399558695309910e-03 -6.941267021022715783e-03 -4.756585568672977438e-03 -4.155142291812481403e-01 -7.891809242190440943e-02 1.866225443709268461e-02 -1.359304614194974115e-02 9.384977553435352310e-03 6.455411628868690938e-03 -4.775839086676296752e-01 -5.416894692394567251e-02 1.665845772242484021e-02 -1.121006095166542614e-02 -7.517814524639095455e-03 -5.219316895476870943e-01 -3.441866258655948418e-02 1.240824915586186995e-02 7.953983670450619908e-03 -5.512322984958178962e-01 -2.031718757281071944e-02 -8.104668867504338098e-03 -5.698179791633115610e-01 1.078910983105464683e-02 -5.813045164333298098e-01
-2.012279232133096230e-14 -2.804160686731334978e-03 -2.905143039240892788e-02 -4.748819127423600100e-02 -3.294536841033353092e-01 1.899063921143107514e+00 -3.753645190352048466e-01 1.917561888984044283e-03 -3.995302722760470798e-02 2.606052405642803049e-02 -2.045821130503613222e-02 1.506161256215852139e-02 -1.082099865580645089e-02 7.553596028281666167e-03 5.074025907826041140e-03 -2.201754772383685867e-03 -4.759074896317957645e-03 -7.805370827237869194e-03 -1.058425686555988093e-02 6.064961002515682070e-02 -1.091851826939722880e-02 -4.846653128971901980e-03 -1.472975732290258228e-03 -3.455223800374484133e-04 -1.106519121314120623e-04 1.123013234816474821e-05 -2.780935327127587745e-05 1.801398227341297704e-05 1.341206949108654333e-05 -1.025640082530169042e-02 -1.670369049345998835e-02 -2.255914567864776218e-02 1.135961202868745329e-01 -2.434607319135279058e-02 -1.080973634118230498e-02 -3.373422817945768894e-03 -7.291989731524068773e-04 -2.128672665110546464e-04 -3.614510487261342174e-05 2.862031389873648544e-06 -1.471395781606821192e-05 -1.111217298490488141e-05 -2.676451521911568654e-02 -3.583658002182392444e-02 1.378806902582315197e-01 -4.266264270443897999e-02 -2.011899852200059111e-02 -5.463406027010921789e-03 -1.472474732777758269e-03 -3.481615512656731815e-04 2.020697760360439104e-05 -1.024079479121319230e-04 7.276382568711351091e-05 5.647762870129445674e-05 -4.908640175491210678e-02 1.108464907415612072e-01 -6.794308556889233630e-02 -3.615877356267084564e-02 -9.205863372744468864e-03 -2.554292985761706745e-03 -1.510244919937342553e-04 -4.411455881921194601e-04 2.759830703490738870e-04 -2.367274458444933757e-04 -1.669610380116586564e-04 4.261447352654364890e-02 -9.919718783337769241e-02 -7.260297275346175305e-02 -1.511791193868157468e-02 -5.239884513247623429e-03 -8.838094534412160473e-05 -3.597933708520982868e-04 -3.520646408891088411e-05 6.802307810091501317e-05 8.060391716202900943e-05 -1.289582022373347292e-01 -1.331531200042311014e-01 -4.839577607776814755e-02 -5.028127841929457865e-03 -1.532277753263918546e-03 -7.647629969803723844e-04 6.629244910601287148e-04 -6.614954463124907711e-04 -5.027651517156207133e-04 -2.047207981842246727e-01 -1.461381487986295469e-01 -1.420321265010101447e-02 -7.960512267993023056e-03 4.608021999136862126e-03 -4.246821139943374179e-03 3.170146252206052472e-03 2.261224124734561268e-03 -3.003739604066079094e-01 -1.338756732140339856e-01 1.095593351853560611e-02 -1.397597560971376371e-02 9.739242342376493861e-03 -7.277512200219633277e-03 -5.053860428079644078e-03 -3.970102124667743704e-01 -1.061611865377853486e-01 2.144661785545143307e-02 -1.624740234586078552e-02 1.130391139749294463e-02 7.853309775024509137e-03 -4.789528563640553793e-01 -7.532239818403391185e-02 2.158044914327456043e-02 -1.462245534527062060e-02 -9.842468243697331462e-03 -5.400600667690745871e-01 -4.885706807569435706e-02 1.695275071002094042e-02 1.087289856601604023e-02 -5.815459969273879537e-01 -2.921467922684885948e-02 -1.140002613947118520e-02 -6.082881587592612327e-01 1.562780010759753230e-02 -6.249912013826968149e-01
1.332267629550187849e-14 -4.496923864936561502e-03 2.289256798609463212e-03 -3.100396016623185869e-02 -2.940245309793532158e-02 -3.753645190352048466e-01 7.561279241677020480e+00 -3.802770762134419225e-01 3.635174056232989143e-02 -4.730434531691374983e-02 3.339970859669138398e-02 -2.496867068386764144e-02 1.800847919845615860e-02 -1.263498868903136473e-02 -8.516622180482991133e-03 -1.210807602158835107e-03 -2.662860328426427947e-03 -4.506114422555246302e-03 -7.069733154402582653e-03 -9.786996832883667480e-03 6.173869910365840236e-02 -7.979506027796512413e-03 -2.343045337066729759e-03 -7.058331022138484992e-04 -5.258176191457097557e-05 -7.412812019425292606e-05 2.319392961199186957e-05 -1.807390763449776000e-05 -9.971153596742942917e-06 -5.865063969574020250e-03 -9.944531855951531385e-03 -1.550140172455819962e-02 -2.106004473002898170e-02 1.160419164216978521e-01 -1.779395779784271811e-02 -5.302325099863437058e-03 -1.483107707819946754e-03 -1.422772366352759426e-04 -1.754928083231800575e-04 8.044017281466002509e-05 -7.102889749083075659e-05 -4.780027510392546267e-05 -1.686761348943503075e-02 -2.587546509661464017e-02 -3.424033221253230952e-02 1.412487110310104155e-01 -3.121626128350427423e-02 -9.307066264237974507e-03 -2.688138624641158748e-03 -1.969375712402881738e-04 -2.686597482751077598e-04 7.165060217248281002e-05 -5.188396004107257732e-05 -2.435597783186783775e-05 -3.790524261344802026e-02 -4.802684823723091245e-02 1.163350208701475486e-01 -5.072023398467094546e-02 -1.695475974362176119e-02 -3.589484185024656611e-03 -6.622841538226253901e-04 -3.449757715675661005e-04 1.689195342514380246e-04 -1.776249705369972644e-04 -1.284882722347692669e-04 -6.100413660629201706e-02 4.872790470065710422e-02 -7.851281809390775468e-02 -3.306635964215794143e-02 -5.365517244929016508e-03 -1.658613303758194350e-03 1.988277509862144033e-04 -4.587162498318312926e-04 3.373308532850130114e-04 2.621637493112950767e-04 -2.439478702337610078e-02 -1.115264311566193656e-01 -7.553394762132514817e-02 -7.473365691639336124e-03 -4.657567551678890548e-03 9.497342414211296536e-04 -6.824837784570158671e-04 2.394512870478532416e-04 9.597196007303241999e-05 -1.394096004005934142e-01 -1.444038675504128455e-01 -4.208004769888992747e-02 -1.390396218219653842e-03 -9.595958595248778571e-04 -7.142825416230421005e-04 7.904356525054187597e-04 7.226449729390445852e-04 -2.208497618064878265e-01 -1.516046902550076680e-01 -4.487682600052595068e-03 -8.844103312596805072e-03 6.305366830539164968e-03 -5.224714551626132020e-03 -3.784084671818830660e-03 -3.220747952623506105e-01 -1.320219241562746171e-01 1.824593066107284972e-02 -1.580689871700711319e-02 1.120557899813959778e-02 7.974002320508242342e-03 -4.197590410652481951e-01 -9.954901357622085445e-02 2.468943538856362488e-02 -1.707674520890938019e-02 -1.159905216393066103e-02 -4.990026483091321574e-01 -6.708525743847339184e-02 2.167731547546094747e-02 1.393698418859760924e-02 -5.555227292550792839e-01 -4.107532905651833238e-02 -1.539610207849604825e-02 -5.931340207698918565e-01 2.228979378335578521e-02 -6.171047719922695407e-01
-1.086283840656676603e-14 2.121428769492257095e-03 -7.011411276815190941e-03 9.327582894906850941e-03 -3.404108756989820961e-02 1.917561888984044283e-03 -3.802770762134419225e-01 1.979328932066744429e+01 -3.430806128468569804e-01 6.081365093425909751e-02 -5.176640978698539286e-02 3.699931708896721932e-02 -2.684029735711079487e-02 1.891664762031256344e-02 1.280690463734807452e-02 -4.918148737913941981e-04 -1.081781315834959289e-03 -1.869293435928182610e-03 -2.877579657647368755e-03 -4.677264311080109142e-03 -7.441252423651550235e-03 6.385807279840043094e-02 -5.065976007540267702e-03 -9.135344544383423426e-04 -3.245905414944507674e-04 3.084429094786959527e-05 -6.046648655318550463e-05 3.508158493354704519e-05 2.524711677815010159e-05 -2.371897638120254968e-03 -4.078512929764181727e-03 -6.292051306696788519e-03 -1.032348152690788085e-02 -1.619603113472474140e-02 1.203815855467746249e-01 -1.126520966602360604e-02 -1.968190571810637772e-03 -7.659820257225005312e-04 9.257918361456994182e-05 -1.357178615678282453e-04 6.928335021236169491e-05 4.528189131593633650e-05 -6.987201797916092749e-03 -1.089432276416386902e-02 -1.790196577286436164e-02 -2.687657490481184380e-02 1.482368580521721824e-01 -1.979809921090942837e-02 -3.489361506214803434e-03 -1.255917871428878767e-03 1.527614698361529034e-04 -2.625232941625122948e-04 1.625306559714914038e-04 1.183187818583627897e-04 -1.737726984125698149e-02 -2.801236450601801709e-02 -3.937759456527330226e-02 1.247805782140037345e-01 -3.239209374103093481e-02 -5.652958266026415768e-03 -2.161287839272660067e-03 3.266763392389683248e-04 -4.046064212055424042e-04 2.035909528018974598e-04 1.269866018619242515e-04 -4.120700339718511018e-02 -5.250763971133060731e-02 6.007935220727343706e-02 -5.236918847853766490e-02 -1.152843744156152941e-02 -2.382694982142131816e-03 3.269702100148460443e-05 -4.873787497862061666e-04 3.433903658724305548e-04 2.755136822252581279e-04 -6.495405484177935174e-02 -1.236991921547653944e-02 -8.161819716348528431e-02 -2.703515980253277939e-02 -2.531555705289537279e-03 -1.109236203334755273e-03 3.353254264944695480e-04 -4.357454802953994498e-04 -3.333073397148723612e-04 -6.354756957500271031e-02 -1.146102801725118470e-01 -7.285180057875242920e-02 -8.081375059216619906e-04 -4.744248408836795536e-03 1.783280828023599491e-03 -1.034597806987889220e-03 -4.920420142065655466e-04 -1.391278482633150348e-01 -1.452733945959087669e-01 -3.420877475283176650e-02 5.765356721532329020e-04 -5.007079412512011963e-04 -8.247197710568281029e-04 -9.181206044481067183e-04 -2.214152676795531627e-01 -1.472497287214143413e-01 3.112292337041520571e-03 -9.631946789974022566e-03 7.337738270781237609e-03 5.670288371963944779e-03 -3.217600191325292736e-01 -1.231504726706439123e-01 2.225868946138399862e-02 -1.654470676430933734e-02 -1.148874544546088852e-02 -4.156924718966142906e-01 -8.870483972164477926e-02 2.504608605805243998e-02 1.626745322626276663e-02 -4.891804509511039623e-01 -5.663196745118528885e-02 -1.981393252493160451e-02 -5.408545926354491051e-01 3.147508973119668430e-02 -5.749737860938775036e-01
-9.079542673262608332e-15 -1.984538585983266785e-03 4.726624012093482916e-03 -1.046026188059804261e-02 1.744667558775395144e-02 -3.995302722760470798e-02 3.635174056232989143e-02 -3.430806128468569804e-01 4.567657480073336984e+01 -2.785157776406961827e-01 6.895760999562006166e-02 -5.033400255534854761e-02 3.562885146839257083e-02 -2.519003732146562688e-02 -1.712699020582796050e-02 -1.522023403086108714e-04 -3.337290682809704529e-04 -5.655403959304071762e-04 -9.375922113739486221e-04 -1.413177098965895644e-03 -2.359882693131330322e-03 -4.845473457486934935e-03 6.619461780741565937e-02 -2.828895967909670055e-03 -2.607479507436817829e-04 -1.666276423566800838e-04 4.123717056814399861e-05 -3.586642896942843152e-05 -1.958594736688547389e-05 -7.367337393539379314e-04 -1.263035862656223390e-03 -2.088521800307497657e-03 -3.097446506138451690e-03 -5.256124796346317921e-03 -1.060358835652091061e-02 1.254383462249160641e-01 -6.294319890748020091e-03 -5.768130508560652576e-04 -3.600726662120993398e-04 9.250219033975269709e-05 -8.723975866908420290e-05 -5.313069109816224652e-05 -2.184409600889845697e-03 -3.538153025418718824e-03 -5.156346159737962460e-03 -9.166967114781382139e-03 -1.792583313452434518e-02 1.560956265332118231e-01 -1.102018327306841100e-02 -8.869323140637175220e-04 -7.034009508502811828e-04 2.078799371436783664e-04 -1.674393808591860067e-04 -9.320099985431012056e-05 -5.490545850083222018e-03 -8.131089296119511922e-03 -1.514925715620715416e-02 -2.714267469500967339e-02 1.356461173138037157e-01 -1.813055430896657466e-02 -1.398306721575438274e-03 -1.110210670480428485e-03 3.690921821422670987e-04 -3.295516047579855274e-04 -2.142753877822214177e-04 -1.318169817954881022e-02 -2.452040949814979914e-02 -3.863417369000918256e-02 7.190168636138852265e-02 -2.983191095102245838e-02 -2.139925266884655855e-03 -1.986269318442941863e-03 7.269708860981904421e-04 -5.457273991317594100e-04 -3.102211969044852942e-04 -3.873975579629386490e-02 -5.136823940437953290e-02 2.153451165730894956e-03 -4.992556591890354861e-02 -6.359573628079449870e-03 -1.964172280901527005e-03 5.948593544834385790e-04 -6.969171047866832593e-04 -5.069562890504984102e-04 -6.358247749102724500e-02 -4.884354316997827072e-02 -7.958509155144700975e-02 -2.052739039392914577e-02 -1.007635280480017031e-03 -6.715015759554902441e-04 2.918814435046870426e-04 3.373636130288076504e-04 -7.659685990230205577e-02 -1.113292885455879760e-01 -6.693926321443244287e-02 3.776719630622238887e-03 -4.930991370785944503e-03 2.242557340553957054e-03 1.213792853235893176e-03 -1.322565437527260523e-01 -1.388273913841723828e-01 -2.661288072935125149e-02 1.420814904889545083e-03 -7.329207433350831799e-05 9.626991749287772127e-04 -2.118138500728338203e-01 -1.367624267140112038e-01 8.301720354824541556e-03 -1.025077229700499526e-02 -7.743067754947866553e-03 -3.078487407454363334e-01 -1.100638643912143777e-01 2.353051019054504256e-02 1.591584247102772673e-02 -3.954824826021101636e-01 -7.540792603524204551e-02 -2.329156326747768013e-02 -4.635906857187898633e-01 4.375209172428104476e-02 -5.114686645948807175e-01
-3.283484595328900468e-14 1.482336224404552129e-03 -3.791165643804825409e-03 7.770114703344829267e-03 -1.514375367379725869e-02 2.606052405642803049e-02 -4.730434531691374983e-02 6.081365093425909751e-02 -2.785157776406961827e-01 9.980392892348264411e+01 -2.061123385058162005e-01 6.314795979547604965e-02 -4.318254219022604756e-02 3.005469562160471494e-02 2.048186645925408403e-02 -4.030181881007188890e-05 -9.018468722060381726e-05 -1.563460656024502540e-04 -2.173430845178379823e-04 -3.668746480439867433e-04 -6.475079313380115598e-04 -9.313772768705118115e-04 -2.749790033579827507e-03 6.835471706444304352e-02 -1.398587935886697314e-03 -6.551007336582922796e-05 -6.147812974795563499e-05 1.381288778490568497e-05 1.058527309037080700e-05 -1.985573225782468593e-04 -3.343039938271249664e-04 -4.650989351529000474e-04 -8.194572701161538346e-04 -1.391238178858680190e-03 -2.051941748270381255e-03 -6.050789697485067092e-03 1.300512878048190601e-01 -3.104173990340419048e-03 -1.217457876114523291e-04 -1.527986069646765138e-04 3.955702183194009916e-05 2.620646665880644536e-05 -5.480561595231788451e-04 -8.063163695603385583e-04 -1.490617506648408844e-03 -2.311133714611916020e-03 -3.599980800835575392e-03 -1.032418559385049270e-02 1.636756841556932796e-01 -5.439576334342088523e-03 -1.797470899620334133e-04 -2.738499640850797267e-04 8.372683877254992837e-05 6.273337683541710245e-05 -1.343398634020339039e-03 -2.402784501674262285e-03 -3.272494882078131814e-03 -5.929353691149203895e-03 -1.606396447746772163e-02 1.460617829885370866e-01 -8.923790551881704419e-03 -9.459962812346139937e-05 -5.703051165049108709e-04 2.153733948020872214e-04 1.386379554955815760e-04 -3.599526037849351719e-03 -4.715437951271005818e-03 -1.043018344065035213e-02 -2.396144959791367962e-02 8.516238458017433288e-02 -1.487986111117385601e-02 8.123335363023328413e-06 -9.731162931334131575e-04 4.412042217701710742e-04 3.244479815677947694e-04 -7.995523009155139360e-03 -1.897698511568302743e-02 -3.476598601125292787e-02 1.562697918823627991e-02 -2.575651399540786896e-02 2.757532672371368798e-04 -1.927473047055894848e-03 9.300402902470803097e-04 5.996658282474205031e-04 -3.374404936195583155e-02 -4.731521033893225370e-02 -3.320151404594610250e-02 -4.534980159593697546e-02 -2.469129669459076311e-03 -1.883136249149998474e-03 9.653115175097102705e-04 8.324643870001187905e-04 -5.931584925499544525e-02 -6.136905480559384091e-02 -7.433115428079470344e-02 -1.481356944371852932e-02 -3.588129692338872878e-04 -3.436655694163882782e-04 -1.932484811706117948e-04 -7.541205026630937169e-02 -1.039624113422337598e-01 -5.944059036089402448e-02 6.604951747598918066e-03 -4.969158220699262246e-03 -2.395154984448397834e-03 -1.218928448637884021e-01 -1.279501991930052096e-01 -1.978518020132902233e-02 1.221201624995646700e-03 -4.789950712974848607e-04 -1.973184121717771466e-01 -1.223150419960197660e-01 1.152178261259961464e-02 1.020134189404086830e-02 -2.874971595370948707e-01 -9.414937790118664551e-02 -2.285617021844883745e-02 -3.700878283079588327e-01 5.853660468110651743e-02 -4.346583814811488811e-01
5.532569844965418149e-14 -1.105323075465477903e-03 2.811210971728371130e-03 -5.894858136056481401e-03 1.133418749177315422e-02 -2.045821130503613222e-02 3.339970859669138398e-02 -5.176640978698539286e-02 6.895760999562006166e-02 -2.061123385058162005e-01 2.121385295846440044e+02 -1.409384375982359050e-01 5.005230143909163848e-02 -3.313906289338446054e-02 -2.232182120013377624e-02 -9.101909255698290843e-06 -1.858852084658592531e-05 -3.054772796002291348e-05 -6.492817078853794707e-05 -8.224332798434166327e-05 -8.244954526249925124e-05 -3.086100828439788707e-04 -2.781174547318326267e-04 -1.372332638750391751e-03 7.006889190476944806e-02 -6.063110331945407603e-04 -2.512446873769729971e-05 -9.694459904127368687e-06 5.943838560784999499e-06 -3.982194180890100577e-05 -7.214393791269132290e-05 -1.490311592958411019e-04 -1.686395136502110651e-04 -1.967698273030198857e-04 -6.806532355400898501e-04 -6.111728543167019041e-04 -3.024843354526881960e-03 1.337873815566417712e-01 -1.347762189602830793e-03 -5.263494801148466677e-05 -2.192043201368545230e-05 1.127516419316477764e-05 -1.413258830285212138e-04 -2.511617532451091523e-04 -2.331040534989803478e-04 -3.798779242684908802e-04 -1.124572764364345587e-03 -1.024062062214943763e-03 -5.204819916502680457e-03 1.698014136179310518e-01 -2.358200519674263224e-03 -4.887950194560513380e-05 -6.647473723029753516e-05 2.849355854709553929e-06 -3.265599779975703271e-04 -2.936938385788123284e-04 -7.942748022651453538e-04 -1.650780361002817179e-03 -1.656015010391484812e-03 -8.217812607750446877e-03 1.550403891934738487e-01 -3.885053809792829872e-03 -8.564942869160942522e-06 -1.428391987315850542e-04 -2.885324571666954521e-05 -5.382435455413349694e-04 -1.521655165994740752e-03 -1.970030582846508255e-03 -2.830568890434407084e-03 -1.273331683820050353e-02 9.679718611299661934e-02 -6.501490655678081668e-03 2.705145736649129011e-04 -4.176035156822998197e-04 -1.635049846610603418e-04 -2.396657850366612150e-03 -2.253648689972807644e-03 -6.071607594666695792e-03 -1.966150886584084462e-02 2.989562238795220525e-02 -1.156224604102136164e-02 7.158568709800318701e-04 -8.365628096810930102e-04 -4.210817941904006342e-04 -3.759285718985594816e-03 -1.356894927061070774e-02 -2.982017994199298583e-02 -1.928549745494212431e-02 -2.150206631844675531e-02 1.694716049721022629e-03 -1.881093437880164768e-03 -9.947355078769141989e-04 -2.814937537865591644e-02 -4.199843548910693614e-02 -4.583406266052212491e-02 -3.994737968160601282e-02 1.295514354297960542e-04 -1.951523658617339632e-03 -1.179887628882716859e-03 -5.350296371221155423e-02 -6.078611302503816177e-02 -6.735588252611826587e-02 -9.965340224138863334e-03 -3.584326328785132675e-04 -4.303186611101365334e-05 -6.872556818339534135e-02 -9.450447098876138541e-02 -5.126243219411877328e-02 7.768059390434912601e-03 4.621248765887846742e-03 -1.105003333241850738e-01 -1.143904260267822326e-01 -1.357307599282890284e-02 -6.998392676080756247e-04 -1.819903331124161361e-01 -1.052776362860569220e-01 -1.351859921491651781e-02 -2.690791452501092307e-01 7.367938220630314283e-02 -3.507126986497130505e-01
4.159620239398142960e-14 7.971866869648945499e-04 -2.037784685712378321e-03 4.288923483169559091e-03 -8.335253106486717814e-03 1.506161256215852139e-02 -2.496867068386764144e-02 3.699931708896721932e-02 -5.033400255534854761e-02 6.314795979547604965e-02 -1.409384375982359050e-01 4.455394829884191381e+02 -8.978683957453770237e-02 3.541719717557040292e-02 2.267772027531824927e-02 -2.066622642326745938e-06 -5.537067134357713339e-06 -1.005544671746666037e-05 -3.804096771936953082e-06 -1.599159978497001152e-05 -5.898192848352585952e-05 1.980399194272015613e-05 -1.536980949715477070e-04 -6.999050849339479648e-05 -5.985558531307261839e-04 7.130343658355230152e-02 -2.205275696876406058e-04 -3.015204312387786002e-05 -1.714216403952812553e-05 -1.297372707965554215e-05 -1.885517134995077040e-05 -4.429299730165396488e-06 -4.419274564795637694e-05 -1.212941922716370826e-04 4.508258009994004824e-05 -3.400056150367798550e-04 -1.438481018293289544e-04 -1.323511311465691218e-03 1.364664052547030493e-01 -4.911009434690138085e-04 -5.969919315184196549e-05 -3.286681342963912325e-05 -1.859618158355779040e-05 -7.602992862383460744e-06 -1.092528496912105836e-04 -1.743251580885281848e-04 6.429975174370096858e-05 -6.000820311518374490e-04 -2.226694751052718481e-04 -2.287706054233955462e-03 1.742910149975817891e-01 -8.637340220578688856e-04 -9.245741129428644263e-05 -5.142205983259537708e-05 -5.763377691722344851e-05 -2.234757338852482508e-04 -1.466577802595095523e-04 4.181315107434849384e-05 -9.327287172381235666e-04 -2.696773182046551844e-04 -3.665006651513889012e-03 1.616591499441093205e-01 -1.435918907357424442e-03 -8.095966900724759874e-05 -3.671321106331999155e-05 -2.728007273003296793e-04 1.012076621995234552e-05 -2.427792593656378682e-04 -1.339812799606510682e-03 -3.653170650390338229e-04 -5.818934357356283019e-03 1.060422391528625385e-01 -2.443950840273343382e-03 -2.188667859466413744e-05 2.274868768868674022e-06 2.519424268422905248e-05 -9.791864748531610776e-04 -1.399240197487039688e-03 -7.445485708898478064e-04 -9.474514753486394658e-03 4.164132405731952452e-02 -4.460744921183540032e-03 3.311054798483785292e-04 2.530394097566966054e-04 -1.857149474957210493e-03 -9.507253862611171960e-04 -2.911127856577086503e-03 -1.557492225716648748e-02 -5.073445293209435242e-03 -8.691253624662127059e-03 9.124620264434905783e-04 6.286707501421619389e-04 -1.000134565916708206e-03 -9.223150471669924744e-03 -2.495515358645084697e-02 -3.238238161076354565e-02 -1.755616693964105399e-02 2.328102723230864816e-03 1.723742983415125054e-03 -2.298181351823913240e-02 -3.649565329042438189e-02 -4.630839300227208161e-02 -3.420487373633936123e-02 1.638192006536830225e-03 1.830926965730411086e-03 -4.731667556883624448e-02 -5.574113195038908619e-02 -5.968546080117714814e-02 -5.853369042348259207e-03 6.927657832028807222e-04 -6.092561814914274065e-02 -8.439230190520108366e-02 -4.261955937477256151e-02 -8.322774637887964469e-03 -1.007593703798760065e-01 -9.974481621207548221e-02 7.049662932915843477e-03 -1.731471234027168737e-01 8.313223146375912920e-02 -2.646949629709480778e-01
